{
 "cells": [
  {
   "cell_type": "markdown",
   "source": [
    "# Ejercicio 2 SVM"
   ],
   "metadata": {}
  },
  {
   "cell_type": "code",
   "execution_count": 1,
   "source": [
    "import numpy as np\r\n",
    "import pandas as pd"
   ],
   "outputs": [],
   "metadata": {
    "ExecuteTime": {
     "end_time": "2021-09-24T23:53:04.564837Z",
     "start_time": "2021-09-24T23:53:04.277379Z"
    }
   }
  },
  {
   "cell_type": "code",
   "execution_count": 3,
   "source": [
    "df=pd.read_csv('data/winequality-white.csv', sep=';')\r\n",
    "df.head()"
   ],
   "outputs": [
    {
     "output_type": "execute_result",
     "data": {
      "text/html": [
       "<div>\n",
       "<style scoped>\n",
       "    .dataframe tbody tr th:only-of-type {\n",
       "        vertical-align: middle;\n",
       "    }\n",
       "\n",
       "    .dataframe tbody tr th {\n",
       "        vertical-align: top;\n",
       "    }\n",
       "\n",
       "    .dataframe thead th {\n",
       "        text-align: right;\n",
       "    }\n",
       "</style>\n",
       "<table border=\"1\" class=\"dataframe\">\n",
       "  <thead>\n",
       "    <tr style=\"text-align: right;\">\n",
       "      <th></th>\n",
       "      <th>fixed acidity</th>\n",
       "      <th>volatile acidity</th>\n",
       "      <th>citric acid</th>\n",
       "      <th>residual sugar</th>\n",
       "      <th>chlorides</th>\n",
       "      <th>free sulfur dioxide</th>\n",
       "      <th>total sulfur dioxide</th>\n",
       "      <th>density</th>\n",
       "      <th>pH</th>\n",
       "      <th>sulphates</th>\n",
       "      <th>alcohol</th>\n",
       "      <th>quality</th>\n",
       "    </tr>\n",
       "  </thead>\n",
       "  <tbody>\n",
       "    <tr>\n",
       "      <th>0</th>\n",
       "      <td>7.0</td>\n",
       "      <td>0.27</td>\n",
       "      <td>0.36</td>\n",
       "      <td>20.7</td>\n",
       "      <td>0.045</td>\n",
       "      <td>45.0</td>\n",
       "      <td>170.0</td>\n",
       "      <td>1.0010</td>\n",
       "      <td>3.00</td>\n",
       "      <td>0.45</td>\n",
       "      <td>8.8</td>\n",
       "      <td>6</td>\n",
       "    </tr>\n",
       "    <tr>\n",
       "      <th>1</th>\n",
       "      <td>6.3</td>\n",
       "      <td>0.30</td>\n",
       "      <td>0.34</td>\n",
       "      <td>1.6</td>\n",
       "      <td>0.049</td>\n",
       "      <td>14.0</td>\n",
       "      <td>132.0</td>\n",
       "      <td>0.9940</td>\n",
       "      <td>3.30</td>\n",
       "      <td>0.49</td>\n",
       "      <td>9.5</td>\n",
       "      <td>6</td>\n",
       "    </tr>\n",
       "    <tr>\n",
       "      <th>2</th>\n",
       "      <td>8.1</td>\n",
       "      <td>0.28</td>\n",
       "      <td>0.40</td>\n",
       "      <td>6.9</td>\n",
       "      <td>0.050</td>\n",
       "      <td>30.0</td>\n",
       "      <td>97.0</td>\n",
       "      <td>0.9951</td>\n",
       "      <td>3.26</td>\n",
       "      <td>0.44</td>\n",
       "      <td>10.1</td>\n",
       "      <td>6</td>\n",
       "    </tr>\n",
       "    <tr>\n",
       "      <th>3</th>\n",
       "      <td>7.2</td>\n",
       "      <td>0.23</td>\n",
       "      <td>0.32</td>\n",
       "      <td>8.5</td>\n",
       "      <td>0.058</td>\n",
       "      <td>47.0</td>\n",
       "      <td>186.0</td>\n",
       "      <td>0.9956</td>\n",
       "      <td>3.19</td>\n",
       "      <td>0.40</td>\n",
       "      <td>9.9</td>\n",
       "      <td>6</td>\n",
       "    </tr>\n",
       "    <tr>\n",
       "      <th>4</th>\n",
       "      <td>7.2</td>\n",
       "      <td>0.23</td>\n",
       "      <td>0.32</td>\n",
       "      <td>8.5</td>\n",
       "      <td>0.058</td>\n",
       "      <td>47.0</td>\n",
       "      <td>186.0</td>\n",
       "      <td>0.9956</td>\n",
       "      <td>3.19</td>\n",
       "      <td>0.40</td>\n",
       "      <td>9.9</td>\n",
       "      <td>6</td>\n",
       "    </tr>\n",
       "  </tbody>\n",
       "</table>\n",
       "</div>"
      ],
      "text/plain": [
       "   fixed acidity  volatile acidity  citric acid  residual sugar  chlorides  \\\n",
       "0            7.0              0.27         0.36            20.7      0.045   \n",
       "1            6.3              0.30         0.34             1.6      0.049   \n",
       "2            8.1              0.28         0.40             6.9      0.050   \n",
       "3            7.2              0.23         0.32             8.5      0.058   \n",
       "4            7.2              0.23         0.32             8.5      0.058   \n",
       "\n",
       "   free sulfur dioxide  total sulfur dioxide  density    pH  sulphates  \\\n",
       "0                 45.0                 170.0   1.0010  3.00       0.45   \n",
       "1                 14.0                 132.0   0.9940  3.30       0.49   \n",
       "2                 30.0                  97.0   0.9951  3.26       0.44   \n",
       "3                 47.0                 186.0   0.9956  3.19       0.40   \n",
       "4                 47.0                 186.0   0.9956  3.19       0.40   \n",
       "\n",
       "   alcohol  quality  \n",
       "0      8.8        6  \n",
       "1      9.5        6  \n",
       "2     10.1        6  \n",
       "3      9.9        6  \n",
       "4      9.9        6  "
      ]
     },
     "metadata": {},
     "execution_count": 3
    }
   ],
   "metadata": {
    "ExecuteTime": {
     "end_time": "2021-09-24T23:53:46.940248Z",
     "start_time": "2021-09-24T23:53:46.920318Z"
    }
   }
  },
  {
   "cell_type": "markdown",
   "source": [
    "Pronosticar quality, problema de clasificación. "
   ],
   "metadata": {}
  },
  {
   "cell_type": "code",
   "execution_count": 7,
   "source": [
    "from sklearn.model_selection import train_test_split\r\n",
    "\r\n",
    "X=df.drop(axis=1,columns='quality')\r\n",
    "y=df['quality']\r\n",
    "\r\n",
    "#Train / Test\r\n",
    "X_train,X_test,y_train,y_test=train_test_split(X,y,test_size=0.20,random_state=123)\r\n",
    "\r\n",
    "# Validation\r\n",
    "Xval_train,Xval_test,yval_train,yval_test=train_test_split(X_train,y_train,test_size=0.20,random_state=123)"
   ],
   "outputs": [],
   "metadata": {
    "ExecuteTime": {
     "end_time": "2021-09-25T00:19:46.855433Z",
     "start_time": "2021-09-25T00:19:46.846367Z"
    }
   }
  },
  {
   "cell_type": "code",
   "execution_count": 8,
   "source": [
    "from sklearn.svm import SVC"
   ],
   "outputs": [],
   "metadata": {
    "ExecuteTime": {
     "end_time": "2021-09-25T00:21:40.540806Z",
     "start_time": "2021-09-25T00:21:40.518721Z"
    }
   }
  },
  {
   "cell_type": "markdown",
   "source": [
    "## SVM Lineal"
   ],
   "metadata": {}
  },
  {
   "cell_type": "code",
   "execution_count": 9,
   "source": [
    "for c in [0.01,0.1,1,10,100]    \r\n",
    "    \r\n",
    "    svm=SVC(C=c, kernel='linear')\r\n",
    "    svm.fit(Xval_train,yval_train)\r\n",
    "    acc=svm.score(Xval_test,yval_test)\r\n",
    "\r\n",
    "    print(\"Kernel:linear\")\r\n",
    "    print(\"C: \",c)\r\n",
    "    print(\"Accuracy: \",acc)"
   ],
   "outputs": [
    {
     "output_type": "stream",
     "name": "stdout",
     "text": [
      "0.5127551020408163\n"
     ]
    }
   ],
   "metadata": {
    "ExecuteTime": {
     "end_time": "2021-09-25T00:28:31.571540Z",
     "start_time": "2021-09-25T00:26:50.877606Z"
    }
   }
  },
  {
   "cell_type": "markdown",
   "source": [
    "## SVM polinómico grado 2"
   ],
   "metadata": {}
  },
  {
   "cell_type": "code",
   "execution_count": 12,
   "source": [
    "for c in [10,100,1000, 10000]:    \r\n",
    "    \r\n",
    "    svm=SVC(C=c, kernel='poly',degree=2)\r\n",
    "    svm.fit(Xval_train,yval_train)\r\n",
    "    acc=svm.score(Xval_test,yval_test)\r\n",
    "    \r\n",
    "    print(\"--------------------------------\")\r\n",
    "    print(\"Kernel:poly, grado 2\")\r\n",
    "    print(\"C: \",c)\r\n",
    "    print(\"Accuracy: \",acc)"
   ],
   "outputs": [
    {
     "output_type": "stream",
     "name": "stdout",
     "text": [
      "Kernel:poly, grado 2\n",
      "C:  10\n",
      "Accuracy:  0.4413265306122449\n",
      "Kernel:poly, grado 2\n",
      "C:  100\n",
      "Accuracy:  0.45408163265306123\n",
      "Kernel:poly, grado 2\n",
      "C:  1000\n",
      "Accuracy:  0.48214285714285715\n",
      "Kernel:poly, grado 2\n",
      "C:  10000\n",
      "Accuracy:  0.5038265306122449\n"
     ]
    }
   ],
   "metadata": {
    "ExecuteTime": {
     "end_time": "2021-09-25T00:36:22.909529Z",
     "start_time": "2021-09-25T00:34:05.473732Z"
    }
   }
  },
  {
   "cell_type": "markdown",
   "source": [
    "Seguir probando!"
   ],
   "metadata": {}
  },
  {
   "cell_type": "markdown",
   "source": [
    "## SVM polinómico grado 3"
   ],
   "metadata": {}
  },
  {
   "cell_type": "code",
   "execution_count": 13,
   "source": [
    "for c in [10,100,1000, 10000]:    \r\n",
    "    \r\n",
    "    svm=SVC(C=c, kernel='poly',degree=3)\r\n",
    "    svm.fit(Xval_train,yval_train)\r\n",
    "    acc=svm.score(Xval_test,yval_test)\r\n",
    "    \r\n",
    "    print(\"--------------------------------\")\r\n",
    "    print(\"Kernel:poly, grado 3\")\r\n",
    "    print(\"C: \",c)\r\n",
    "    print(\"Accuracy: \",acc)"
   ],
   "outputs": [
    {
     "output_type": "stream",
     "name": "stdout",
     "text": [
      "--------------------------------\n",
      "Kernel:poly, grado 3\n",
      "C:  10\n",
      "Accuracy:  0.4477040816326531\n",
      "--------------------------------\n",
      "Kernel:poly, grado 3\n",
      "C:  100\n",
      "Accuracy:  0.4489795918367347\n",
      "--------------------------------\n",
      "Kernel:poly, grado 3\n",
      "C:  1000\n",
      "Accuracy:  0.475765306122449\n",
      "--------------------------------\n",
      "Kernel:poly, grado 3\n",
      "C:  10000\n",
      "Accuracy:  0.49362244897959184\n"
     ]
    }
   ],
   "metadata": {
    "ExecuteTime": {
     "end_time": "2021-09-25T00:40:13.952387Z",
     "start_time": "2021-09-25T00:37:23.040542Z"
    }
   }
  },
  {
   "cell_type": "markdown",
   "source": [
    "## SVM polinómico grado 4"
   ],
   "metadata": {}
  },
  {
   "cell_type": "code",
   "execution_count": 14,
   "source": [
    "for c in [10,100,1000, 10000]:    \r\n",
    "    \r\n",
    "    svm=SVC(C=c, kernel='poly',degree=4)\r\n",
    "    svm.fit(Xval_train,yval_train)\r\n",
    "    acc=svm.score(Xval_test,yval_test)\r\n",
    "    \r\n",
    "    print(\"--------------------------------\")\r\n",
    "    print(\"Kernel:poly, grado 4\")\r\n",
    "    print(\"C: \",c)\r\n",
    "    print(\"Accuracy: \",acc)"
   ],
   "outputs": [
    {
     "output_type": "stream",
     "name": "stdout",
     "text": [
      "--------------------------------\n",
      "Kernel:poly, grado 4\n",
      "C:  10\n",
      "Accuracy:  0.45408163265306123\n",
      "--------------------------------\n",
      "Kernel:poly, grado 4\n",
      "C:  100\n",
      "Accuracy:  0.45790816326530615\n",
      "--------------------------------\n",
      "Kernel:poly, grado 4\n",
      "C:  1000\n",
      "Accuracy:  0.4744897959183674\n",
      "--------------------------------\n",
      "Kernel:poly, grado 4\n",
      "C:  10000\n",
      "Accuracy:  0.4770408163265306\n"
     ]
    }
   ],
   "metadata": {
    "ExecuteTime": {
     "end_time": "2021-09-25T00:47:39.653880Z",
     "start_time": "2021-09-25T00:41:09.169980Z"
    }
   }
  },
  {
   "cell_type": "markdown",
   "source": [
    "## SVM rbf"
   ],
   "metadata": {}
  },
  {
   "cell_type": "code",
   "execution_count": 15,
   "source": [
    "for c in [1,10,100,1000, 10000]:    \r\n",
    "    \r\n",
    "    svm=SVC(C=c, kernel='rbf')\r\n",
    "    svm.fit(Xval_train,yval_train)\r\n",
    "    acc=svm.score(Xval_test,yval_test)\r\n",
    "    \r\n",
    "    print(\"--------------------------------\")\r\n",
    "    print(\"Kernel:rbf\")\r\n",
    "    print(\"C: \",c)\r\n",
    "    print(\"Accuracy: \",acc)"
   ],
   "outputs": [
    {
     "output_type": "stream",
     "name": "stdout",
     "text": [
      "--------------------------------\n",
      "Kernel:rb\n",
      "C:  1\n",
      "Accuracy:  0.44005102040816324\n",
      "--------------------------------\n",
      "Kernel:rb\n",
      "C:  10\n",
      "Accuracy:  0.44260204081632654\n",
      "--------------------------------\n",
      "Kernel:rb\n",
      "C:  100\n",
      "Accuracy:  0.4732142857142857\n",
      "--------------------------------\n",
      "Kernel:rb\n",
      "C:  1000\n",
      "Accuracy:  0.475765306122449\n",
      "--------------------------------\n",
      "Kernel:rb\n",
      "C:  10000\n",
      "Accuracy:  0.49362244897959184\n"
     ]
    }
   ],
   "metadata": {
    "ExecuteTime": {
     "end_time": "2021-09-25T00:48:42.839755Z",
     "start_time": "2021-09-25T00:48:23.261301Z"
    }
   }
  },
  {
   "cell_type": "markdown",
   "source": [
    "## SVM con kernel Sigmoide"
   ],
   "metadata": {}
  },
  {
   "cell_type": "code",
   "execution_count": 17,
   "source": [
    "for c in [0.01,0.1,1,10,100]:    \r\n",
    "    \r\n",
    "    svm=SVC(C=c, kernel='sigmoid')\r\n",
    "    svm.fit(Xval_train,yval_train)\r\n",
    "    acc=svm.score(Xval_test,yval_test)\r\n",
    "    \r\n",
    "    print(\"--------------------------------\")\r\n",
    "    print(\"Kernel: sigmoide\")\r\n",
    "    print(\"C: \",c)\r\n",
    "    print(\"Accuracy: \",acc)"
   ],
   "outputs": [
    {
     "output_type": "stream",
     "name": "stdout",
     "text": [
      "--------------------------------\n",
      "Kernel: sigmoide\n",
      "C:  0.01\n",
      "Accuracy:  0.43494897959183676\n",
      "--------------------------------\n",
      "Kernel: sigmoide\n",
      "C:  0.1\n",
      "Accuracy:  0.35586734693877553\n",
      "--------------------------------\n",
      "Kernel: sigmoide\n",
      "C:  1\n",
      "Accuracy:  0.41581632653061223\n",
      "--------------------------------\n",
      "Kernel: sigmoide\n",
      "C:  10\n",
      "Accuracy:  0.4119897959183674\n",
      "--------------------------------\n",
      "Kernel: sigmoide\n",
      "C:  100\n",
      "Accuracy:  0.39540816326530615\n"
     ]
    }
   ],
   "metadata": {
    "ExecuteTime": {
     "end_time": "2021-09-25T00:50:10.975075Z",
     "start_time": "2021-09-25T00:50:06.763330Z"
    }
   }
  },
  {
   "cell_type": "markdown",
   "source": [
    "## Modelo Seleccionado\n",
    "\n",
    "- Kernel Lineal. C:1"
   ],
   "metadata": {}
  },
  {
   "cell_type": "markdown",
   "source": [
    "## Evaluación del modelo  elegido\n",
    "\n",
    "En train / test"
   ],
   "metadata": {}
  },
  {
   "cell_type": "code",
   "execution_count": 22,
   "source": [
    "svm_eval=SVC(C=1, kernel='linear',probability=True)\r\n",
    "svm_eval.fit(X_train,y_train)\r\n",
    "acc=svm_eval.score(X_test,y_test)\r\n",
    "\r\n",
    "print(\"Kernel:linear\")\r\n",
    "print(\"C: \",1)\r\n",
    "print(\"Accuracy: \",acc)"
   ],
   "outputs": [
    {
     "output_type": "stream",
     "name": "stdout",
     "text": [
      "Kernel:linear\n",
      "C:  1\n",
      "Accuracy:  0.5459183673469388\n"
     ]
    }
   ],
   "metadata": {
    "ExecuteTime": {
     "end_time": "2021-09-25T01:14:56.314339Z",
     "start_time": "2021-09-25T01:04:37.418131Z"
    }
   }
  },
  {
   "cell_type": "code",
   "execution_count": 28,
   "source": [
    "# Si queremos ver las probabilidades para cada clase:\r\n",
    "np.set_printoptions(threshold=np.inf)\r\n",
    "np.round(svm_eval.predict_proba(X_train),3)"
   ],
   "outputs": [
    {
     "output_type": "execute_result",
     "data": {
      "text/plain": [
       "array([[0.004, 0.016, 0.522, 0.395, 0.051, 0.012, 0.   ],\n",
       "       [0.005, 0.014, 0.264, 0.547, 0.152, 0.017, 0.001],\n",
       "       [0.004, 0.033, 0.638, 0.294, 0.026, 0.006, 0.   ],\n",
       "       [0.009, 0.012, 0.097, 0.329, 0.49 , 0.062, 0.002],\n",
       "       [0.003, 0.013, 0.382, 0.52 , 0.068, 0.013, 0.   ],\n",
       "       [0.003, 0.012, 0.044, 0.377, 0.485, 0.077, 0.001],\n",
       "       [0.004, 0.005, 0.533, 0.408, 0.044, 0.006, 0.   ],\n",
       "       [0.004, 0.005, 0.638, 0.326, 0.024, 0.004, 0.   ],\n",
       "       [0.004, 0.048, 0.179, 0.489, 0.236, 0.043, 0.001],\n",
       "       [0.007, 0.006, 0.063, 0.494, 0.364, 0.066, 0.002],\n",
       "       [0.005, 0.018, 0.289, 0.535, 0.141, 0.013, 0.001],\n",
       "       [0.007, 0.024, 0.489, 0.373, 0.087, 0.019, 0.001],\n",
       "       [0.005, 0.059, 0.341, 0.486, 0.091, 0.016, 0.001],\n",
       "       [0.004, 0.007, 0.623, 0.342, 0.021, 0.002, 0.   ],\n",
       "       [0.004, 0.006, 0.062, 0.423, 0.428, 0.075, 0.001],\n",
       "       [0.004, 0.002, 0.031, 0.461, 0.44 , 0.061, 0.001],\n",
       "       [0.004, 0.013, 0.552, 0.389, 0.038, 0.005, 0.   ],\n",
       "       [0.005, 0.019, 0.383, 0.475, 0.102, 0.016, 0.001],\n",
       "       [0.003, 0.012, 0.131, 0.573, 0.237, 0.044, 0.001],\n",
       "       [0.003, 0.002, 0.092, 0.613, 0.245, 0.044, 0.001],\n",
       "       [0.004, 0.041, 0.329, 0.491, 0.117, 0.017, 0.001],\n",
       "       [0.004, 0.02 , 0.373, 0.484, 0.102, 0.015, 0.   ],\n",
       "       [0.004, 0.042, 0.688, 0.241, 0.02 , 0.005, 0.   ],\n",
       "       [0.003, 0.008, 0.338, 0.541, 0.089, 0.021, 0.   ],\n",
       "       [0.007, 0.077, 0.198, 0.473, 0.191, 0.051, 0.002],\n",
       "       [0.004, 0.009, 0.046, 0.395, 0.47 , 0.075, 0.001],\n",
       "       [0.006, 0.14 , 0.586, 0.228, 0.029, 0.01 , 0.001],\n",
       "       [0.003, 0.022, 0.097, 0.49 , 0.335, 0.052, 0.001],\n",
       "       [0.004, 0.072, 0.696, 0.213, 0.012, 0.003, 0.   ],\n",
       "       [0.005, 0.011, 0.372, 0.517, 0.086, 0.008, 0.001],\n",
       "       [0.005, 0.007, 0.507, 0.41 , 0.061, 0.011, 0.   ],\n",
       "       [0.004, 0.01 , 0.631, 0.327, 0.024, 0.004, 0.   ],\n",
       "       [0.005, 0.006, 0.21 , 0.577, 0.176, 0.026, 0.001],\n",
       "       [0.003, 0.019, 0.16 , 0.532, 0.246, 0.04 , 0.   ],\n",
       "       [0.005, 0.018, 0.102, 0.436, 0.381, 0.057, 0.001],\n",
       "       [0.008, 0.169, 0.514, 0.24 , 0.051, 0.017, 0.002],\n",
       "       [0.003, 0.006, 0.023, 0.327, 0.538, 0.102, 0.001],\n",
       "       [0.003, 0.067, 0.297, 0.479, 0.123, 0.03 , 0.001],\n",
       "       [0.003, 0.013, 0.311, 0.553, 0.102, 0.018, 0.   ],\n",
       "       [0.005, 0.054, 0.063, 0.361, 0.4  , 0.115, 0.002],\n",
       "       [0.004, 0.037, 0.219, 0.515, 0.194, 0.031, 0.001],\n",
       "       [0.004, 0.005, 0.661, 0.302, 0.023, 0.005, 0.   ],\n",
       "       [0.007, 0.004, 0.412, 0.46 , 0.1  , 0.017, 0.001],\n",
       "       [0.004, 0.02 , 0.111, 0.548, 0.273, 0.042, 0.001],\n",
       "       [0.005, 0.087, 0.568, 0.294, 0.038, 0.007, 0.001],\n",
       "       [0.004, 0.006, 0.362, 0.524, 0.092, 0.011, 0.   ],\n",
       "       [0.003, 0.005, 0.057, 0.499, 0.356, 0.079, 0.001],\n",
       "       [0.003, 0.012, 0.525, 0.425, 0.031, 0.004, 0.   ],\n",
       "       [0.004, 0.081, 0.288, 0.45 , 0.149, 0.028, 0.001],\n",
       "       [0.003, 0.024, 0.138, 0.555, 0.244, 0.034, 0.001],\n",
       "       [0.004, 0.001, 0.018, 0.323, 0.566, 0.087, 0.001],\n",
       "       [0.005, 0.027, 0.239, 0.441, 0.238, 0.048, 0.001],\n",
       "       [0.005, 0.036, 0.333, 0.488, 0.12 , 0.018, 0.001],\n",
       "       [0.004, 0.021, 0.173, 0.608, 0.174, 0.019, 0.001],\n",
       "       [0.003, 0.008, 0.139, 0.599, 0.238, 0.012, 0.   ],\n",
       "       [0.005, 0.019, 0.117, 0.512, 0.298, 0.047, 0.001],\n",
       "       [0.004, 0.027, 0.189, 0.529, 0.22 , 0.031, 0.001],\n",
       "       [0.007, 0.05 , 0.242, 0.465, 0.205, 0.03 , 0.001],\n",
       "       [0.006, 0.003, 0.172, 0.642, 0.155, 0.022, 0.001],\n",
       "       [0.003, 0.023, 0.231, 0.567, 0.155, 0.019, 0.001],\n",
       "       [0.003, 0.007, 0.181, 0.592, 0.19 , 0.026, 0.   ],\n",
       "       [0.004, 0.024, 0.089, 0.444, 0.371, 0.067, 0.001],\n",
       "       [0.004, 0.007, 0.466, 0.456, 0.059, 0.008, 0.   ],\n",
       "       [0.003, 0.005, 0.394, 0.531, 0.06 , 0.007, 0.   ],\n",
       "       [0.004, 0.007, 0.205, 0.553, 0.202, 0.029, 0.001],\n",
       "       [0.015, 0.233, 0.281, 0.26 , 0.142, 0.065, 0.004],\n",
       "       [0.005, 0.004, 0.114, 0.51 , 0.328, 0.038, 0.001],\n",
       "       [0.005, 0.004, 0.093, 0.55 , 0.311, 0.036, 0.001],\n",
       "       [0.004, 0.024, 0.184, 0.555, 0.203, 0.029, 0.001],\n",
       "       [0.004, 0.004, 0.459, 0.485, 0.043, 0.005, 0.   ],\n",
       "       [0.004, 0.006, 0.512, 0.433, 0.036, 0.008, 0.   ],\n",
       "       [0.004, 0.029, 0.265, 0.488, 0.185, 0.027, 0.001],\n",
       "       [0.005, 0.035, 0.388, 0.45 , 0.109, 0.014, 0.001],\n",
       "       [0.005, 0.002, 0.059, 0.486, 0.398, 0.048, 0.001],\n",
       "       [0.005, 0.047, 0.118, 0.436, 0.309, 0.083, 0.001],\n",
       "       [0.004, 0.007, 0.185, 0.579, 0.197, 0.028, 0.   ],\n",
       "       [0.004, 0.129, 0.572, 0.254, 0.029, 0.012, 0.   ],\n",
       "       [0.004, 0.047, 0.5  , 0.379, 0.056, 0.013, 0.001],\n",
       "       [0.003, 0.007, 0.065, 0.484, 0.37 , 0.07 , 0.001],\n",
       "       [0.005, 0.007, 0.054, 0.693, 0.181, 0.057, 0.003],\n",
       "       [0.005, 0.162, 0.358, 0.332, 0.108, 0.034, 0.001],\n",
       "       [0.003, 0.007, 0.06 , 0.462, 0.419, 0.049, 0.001],\n",
       "       [0.003, 0.01 , 0.191, 0.567, 0.198, 0.03 , 0.   ],\n",
       "       [0.003, 0.003, 0.044, 0.504, 0.379, 0.066, 0.001],\n",
       "       [0.004, 0.01 , 0.464, 0.463, 0.049, 0.01 , 0.001],\n",
       "       [0.005, 0.015, 0.308, 0.545, 0.116, 0.01 , 0.001],\n",
       "       [0.004, 0.043, 0.742, 0.199, 0.01 , 0.002, 0.   ],\n",
       "       [0.002, 0.008, 0.02 , 0.313, 0.565, 0.09 , 0.001],\n",
       "       [0.003, 0.014, 0.242, 0.546, 0.162, 0.032, 0.   ],\n",
       "       [0.004, 0.019, 0.527, 0.38 , 0.06 , 0.011, 0.   ],\n",
       "       [0.004, 0.013, 0.281, 0.557, 0.124, 0.02 , 0.   ],\n",
       "       [0.004, 0.003, 0.098, 0.653, 0.213, 0.028, 0.001],\n",
       "       [0.005, 0.127, 0.634, 0.213, 0.016, 0.004, 0.   ],\n",
       "       [0.004, 0.038, 0.641, 0.292, 0.02 , 0.004, 0.   ],\n",
       "       [0.005, 0.053, 0.573, 0.318, 0.04 , 0.011, 0.   ],\n",
       "       [0.004, 0.003, 0.3  , 0.567, 0.106, 0.019, 0.   ],\n",
       "       [0.005, 0.01 , 0.222, 0.546, 0.188, 0.029, 0.001],\n",
       "       [0.004, 0.011, 0.643, 0.304, 0.031, 0.007, 0.   ],\n",
       "       [0.005, 0.025, 0.19 , 0.51 , 0.232, 0.036, 0.001],\n",
       "       [0.004, 0.003, 0.248, 0.58 , 0.145, 0.019, 0.   ],\n",
       "       [0.004, 0.014, 0.487, 0.445, 0.041, 0.009, 0.   ],\n",
       "       [0.004, 0.002, 0.057, 0.533, 0.355, 0.049, 0.001],\n",
       "       [0.003, 0.007, 0.107, 0.575, 0.27 , 0.038, 0.001],\n",
       "       [0.004, 0.018, 0.32 , 0.532, 0.108, 0.018, 0.   ],\n",
       "       [0.004, 0.014, 0.669, 0.28 , 0.027, 0.007, 0.   ],\n",
       "       [0.004, 0.003, 0.046, 0.47 , 0.406, 0.07 , 0.001],\n",
       "       [0.005, 0.017, 0.635, 0.291, 0.041, 0.01 , 0.   ],\n",
       "       [0.005, 0.142, 0.408, 0.356, 0.068, 0.021, 0.001],\n",
       "       [0.005, 0.002, 0.032, 0.427, 0.468, 0.065, 0.001],\n",
       "       [0.003, 0.059, 0.634, 0.282, 0.017, 0.004, 0.   ],\n",
       "       [0.004, 0.002, 0.074, 0.565, 0.315, 0.039, 0.001],\n",
       "       [0.004, 0.007, 0.512, 0.423, 0.047, 0.007, 0.   ],\n",
       "       [0.006, 0.137, 0.498, 0.27 , 0.068, 0.02 , 0.001],\n",
       "       [0.008, 0.181, 0.644, 0.13 , 0.023, 0.013, 0.001],\n",
       "       [0.003, 0.008, 0.327, 0.554, 0.089, 0.019, 0.   ],\n",
       "       [0.003, 0.004, 0.31 , 0.571, 0.096, 0.016, 0.   ],\n",
       "       [0.004, 0.007, 0.427, 0.46 , 0.085, 0.016, 0.   ],\n",
       "       [0.003, 0.011, 0.178, 0.572, 0.208, 0.029, 0.   ],\n",
       "       [0.004, 0.005, 0.283, 0.573, 0.118, 0.017, 0.001],\n",
       "       [0.005, 0.018, 0.185, 0.556, 0.208, 0.027, 0.001],\n",
       "       [0.005, 0.105, 0.435, 0.344, 0.084, 0.028, 0.001],\n",
       "       [0.003, 0.009, 0.068, 0.491, 0.383, 0.044, 0.001],\n",
       "       [0.004, 0.006, 0.059, 0.441, 0.425, 0.063, 0.001],\n",
       "       [0.003, 0.009, 0.429, 0.497, 0.053, 0.009, 0.   ],\n",
       "       [0.004, 0.008, 0.482, 0.443, 0.055, 0.007, 0.   ],\n",
       "       [0.006, 0.005, 0.048, 0.42 , 0.446, 0.074, 0.001],\n",
       "       [0.003, 0.005, 0.043, 0.378, 0.489, 0.081, 0.001],\n",
       "       [0.004, 0.009, 0.46 , 0.462, 0.057, 0.008, 0.   ],\n",
       "       [0.004, 0.159, 0.699, 0.129, 0.006, 0.003, 0.   ],\n",
       "       [0.005, 0.006, 0.495, 0.418, 0.062, 0.014, 0.001],\n",
       "       [0.004, 0.024, 0.136, 0.566, 0.244, 0.027, 0.001],\n",
       "       [0.003, 0.024, 0.245, 0.57 , 0.14 , 0.017, 0.   ],\n",
       "       [0.003, 0.009, 0.598, 0.357, 0.027, 0.005, 0.   ],\n",
       "       [0.003, 0.005, 0.181, 0.619, 0.165, 0.027, 0.   ],\n",
       "       [0.003, 0.001, 0.077, 0.651, 0.235, 0.032, 0.   ],\n",
       "       [0.004, 0.011, 0.137, 0.497, 0.311, 0.039, 0.001],\n",
       "       [0.004, 0.003, 0.022, 0.389, 0.513, 0.067, 0.001],\n",
       "       [0.004, 0.015, 0.176, 0.492, 0.278, 0.035, 0.001],\n",
       "       [0.003, 0.026, 0.543, 0.391, 0.03 , 0.007, 0.   ],\n",
       "       [0.003, 0.089, 0.635, 0.252, 0.017, 0.004, 0.   ],\n",
       "       [0.004, 0.006, 0.336, 0.549, 0.094, 0.011, 0.   ],\n",
       "       [0.006, 0.14 , 0.586, 0.228, 0.029, 0.01 , 0.001],\n",
       "       [0.003, 0.009, 0.241, 0.578, 0.142, 0.027, 0.   ],\n",
       "       [0.002, 0.003, 0.023, 0.378, 0.5  , 0.092, 0.001],\n",
       "       [0.003, 0.003, 0.017, 0.304, 0.57 , 0.101, 0.001],\n",
       "       [0.004, 0.004, 0.171, 0.594, 0.197, 0.029, 0.001],\n",
       "       [0.004, 0.006, 0.029, 0.37 , 0.517, 0.072, 0.002],\n",
       "       [0.005, 0.009, 0.3  , 0.523, 0.138, 0.024, 0.   ],\n",
       "       [0.004, 0.033, 0.516, 0.374, 0.064, 0.009, 0.001],\n",
       "       [0.004, 0.007, 0.127, 0.528, 0.304, 0.029, 0.001],\n",
       "       [0.005, 0.071, 0.17 , 0.455, 0.24 , 0.058, 0.001],\n",
       "       [0.004, 0.037, 0.412, 0.463, 0.07 , 0.013, 0.   ],\n",
       "       [0.009, 0.174, 0.153, 0.311, 0.258, 0.093, 0.003],\n",
       "       [0.004, 0.004, 0.032, 0.403, 0.473, 0.083, 0.001],\n",
       "       [0.004, 0.106, 0.608, 0.249, 0.026, 0.007, 0.   ],\n",
       "       [0.004, 0.013, 0.318, 0.508, 0.137, 0.02 , 0.001],\n",
       "       [0.004, 0.005, 0.416, 0.512, 0.053, 0.01 , 0.   ],\n",
       "       [0.004, 0.012, 0.757, 0.201, 0.019, 0.006, 0.   ],\n",
       "       [0.005, 0.029, 0.134, 0.495, 0.292, 0.043, 0.001],\n",
       "       [0.004, 0.024, 0.585, 0.356, 0.028, 0.004, 0.   ],\n",
       "       [0.004, 0.001, 0.173, 0.633, 0.161, 0.028, 0.   ],\n",
       "       [0.004, 0.01 , 0.325, 0.527, 0.121, 0.013, 0.   ],\n",
       "       [0.003, 0.004, 0.021, 0.302, 0.574, 0.095, 0.001],\n",
       "       [0.005, 0.021, 0.214, 0.53 , 0.203, 0.026, 0.001],\n",
       "       [0.004, 0.005, 0.029, 0.309, 0.549, 0.103, 0.001],\n",
       "       [0.004, 0.004, 0.057, 0.487, 0.383, 0.063, 0.001],\n",
       "       [0.004, 0.004, 0.156, 0.603, 0.204, 0.03 , 0.   ],\n",
       "       [0.004, 0.013, 0.036, 0.309, 0.523, 0.113, 0.001],\n",
       "       [0.004, 0.002, 0.021, 0.437, 0.471, 0.064, 0.002],\n",
       "       [0.007, 0.003, 0.211, 0.547, 0.197, 0.034, 0.001],\n",
       "       [0.004, 0.004, 0.425, 0.511, 0.051, 0.005, 0.   ],\n",
       "       [0.005, 0.067, 0.322, 0.474, 0.112, 0.02 , 0.001],\n",
       "       [0.006, 0.01 , 0.035, 0.348, 0.519, 0.08 , 0.002],\n",
       "       [0.004, 0.006, 0.474, 0.447, 0.059, 0.009, 0.   ],\n",
       "       [0.005, 0.035, 0.568, 0.341, 0.044, 0.007, 0.001],\n",
       "       [0.003, 0.023, 0.294, 0.536, 0.117, 0.026, 0.   ],\n",
       "       [0.006, 0.327, 0.574, 0.081, 0.008, 0.004, 0.001],\n",
       "       [0.004, 0.009, 0.252, 0.558, 0.159, 0.018, 0.   ],\n",
       "       [0.005, 0.012, 0.405, 0.464, 0.098, 0.015, 0.001],\n",
       "       [0.003, 0.017, 0.167, 0.558, 0.218, 0.036, 0.   ],\n",
       "       [0.005, 0.269, 0.61 , 0.095, 0.013, 0.008, 0.   ],\n",
       "       [0.004, 0.073, 0.224, 0.497, 0.159, 0.043, 0.001],\n",
       "       [0.005, 0.125, 0.484, 0.309, 0.058, 0.017, 0.001],\n",
       "       [0.003, 0.011, 0.339, 0.538, 0.093, 0.015, 0.   ],\n",
       "       [0.004, 0.027, 0.306, 0.514, 0.128, 0.02 , 0.001],\n",
       "       [0.003, 0.007, 0.084, 0.589, 0.279, 0.037, 0.001],\n",
       "       [0.005, 0.02 , 0.14 , 0.448, 0.333, 0.053, 0.001],\n",
       "       [0.003, 0.008, 0.295, 0.569, 0.103, 0.022, 0.   ],\n",
       "       [0.004, 0.059, 0.716, 0.207, 0.012, 0.002, 0.   ],\n",
       "       [0.003, 0.001, 0.012, 0.348, 0.557, 0.077, 0.001],\n",
       "       [0.004, 0.003, 0.315, 0.569, 0.092, 0.016, 0.   ],\n",
       "       [0.005, 0.071, 0.509, 0.352, 0.051, 0.011, 0.001],\n",
       "       [0.006, 0.041, 0.321, 0.478, 0.137, 0.017, 0.001],\n",
       "       [0.005, 0.05 , 0.69 , 0.234, 0.017, 0.005, 0.   ],\n",
       "       [0.004, 0.006, 0.442, 0.478, 0.062, 0.008, 0.   ],\n",
       "       [0.004, 0.047, 0.239, 0.488, 0.186, 0.035, 0.001],\n",
       "       [0.004, 0.025, 0.588, 0.352, 0.026, 0.005, 0.   ],\n",
       "       [0.005, 0.022, 0.445, 0.452, 0.067, 0.009, 0.   ],\n",
       "       [0.008, 0.01 , 0.6  , 0.329, 0.043, 0.009, 0.001],\n",
       "       [0.005, 0.058, 0.261, 0.468, 0.174, 0.034, 0.001],\n",
       "       [0.005, 0.047, 0.293, 0.491, 0.143, 0.02 , 0.001],\n",
       "       [0.006, 0.182, 0.589, 0.195, 0.022, 0.007, 0.001],\n",
       "       [0.007, 0.013, 0.126, 0.522, 0.287, 0.043, 0.002],\n",
       "       [0.004, 0.002, 0.125, 0.589, 0.243, 0.036, 0.   ],\n",
       "       [0.004, 0.017, 0.697, 0.263, 0.017, 0.003, 0.   ],\n",
       "       [0.004, 0.04 , 0.174, 0.468, 0.269, 0.042, 0.002],\n",
       "       [0.003, 0.012, 0.525, 0.425, 0.031, 0.004, 0.   ],\n",
       "       [0.003, 0.01 , 0.123, 0.534, 0.285, 0.044, 0.001],\n",
       "       [0.004, 0.045, 0.347, 0.506, 0.085, 0.012, 0.001],\n",
       "       [0.003, 0.022, 0.427, 0.461, 0.074, 0.012, 0.   ],\n",
       "       [0.004, 0.024, 0.594, 0.331, 0.039, 0.009, 0.   ],\n",
       "       [0.004, 0.013, 0.277, 0.544, 0.144, 0.019, 0.   ],\n",
       "       [0.007, 0.005, 0.33 , 0.501, 0.136, 0.021, 0.001],\n",
       "       [0.005, 0.018, 0.227, 0.533, 0.182, 0.034, 0.001],\n",
       "       [0.005, 0.006, 0.168, 0.554, 0.233, 0.033, 0.001],\n",
       "       [0.004, 0.038, 0.434, 0.438, 0.072, 0.013, 0.   ],\n",
       "       [0.007, 0.02 , 0.091, 0.488, 0.344, 0.047, 0.002],\n",
       "       [0.004, 0.032, 0.308, 0.507, 0.133, 0.016, 0.001],\n",
       "       [0.004, 0.006, 0.528, 0.418, 0.04 , 0.005, 0.   ],\n",
       "       [0.005, 0.027, 0.442, 0.449, 0.067, 0.009, 0.001],\n",
       "       [0.003, 0.016, 0.218, 0.594, 0.141, 0.027, 0.   ],\n",
       "       [0.004, 0.024, 0.258, 0.563, 0.137, 0.013, 0.001],\n",
       "       [0.003, 0.007, 0.247, 0.588, 0.135, 0.018, 0.   ],\n",
       "       [0.006, 0.047, 0.105, 0.372, 0.389, 0.079, 0.002],\n",
       "       [0.003, 0.019, 0.242, 0.561, 0.15 , 0.024, 0.   ],\n",
       "       [0.012, 0.366, 0.483, 0.101, 0.025, 0.011, 0.002],\n",
       "       [0.003, 0.046, 0.658, 0.267, 0.019, 0.006, 0.   ],\n",
       "       [0.003, 0.01 , 0.052, 0.427, 0.443, 0.063, 0.001],\n",
       "       [0.005, 0.026, 0.336, 0.506, 0.113, 0.014, 0.001],\n",
       "       [0.005, 0.004, 0.055, 0.58 , 0.304, 0.05 , 0.002],\n",
       "       [0.003, 0.046, 0.487, 0.413, 0.041, 0.009, 0.   ],\n",
       "       [0.004, 0.01 , 0.255, 0.542, 0.165, 0.023, 0.   ],\n",
       "       [0.006, 0.014, 0.199, 0.514, 0.238, 0.028, 0.001],\n",
       "       [0.006, 0.2  , 0.232, 0.292, 0.208, 0.059, 0.002],\n",
       "       [0.003, 0.011, 0.535, 0.406, 0.037, 0.007, 0.   ],\n",
       "       [0.004, 0.036, 0.543, 0.372, 0.039, 0.005, 0.001],\n",
       "       [0.004, 0.053, 0.697, 0.234, 0.01 , 0.002, 0.   ],\n",
       "       [0.004, 0.018, 0.254, 0.576, 0.133, 0.015, 0.   ],\n",
       "       [0.003, 0.007, 0.511, 0.433, 0.038, 0.007, 0.   ],\n",
       "       [0.004, 0.012, 0.123, 0.52 , 0.293, 0.047, 0.001],\n",
       "       [0.006, 0.023, 0.05 , 0.356, 0.487, 0.076, 0.002],\n",
       "       [0.003, 0.011, 0.26 , 0.557, 0.144, 0.025, 0.   ],\n",
       "       [0.004, 0.006, 0.45 , 0.482, 0.051, 0.006, 0.   ],\n",
       "       [0.003, 0.004, 0.013, 0.284, 0.593, 0.101, 0.002],\n",
       "       [0.004, 0.031, 0.272, 0.508, 0.159, 0.025, 0.001],\n",
       "       [0.003, 0.007, 0.178, 0.596, 0.183, 0.033, 0.   ],\n",
       "       [0.003, 0.014, 0.203, 0.548, 0.196, 0.035, 0.   ],\n",
       "       [0.005, 0.111, 0.615, 0.213, 0.042, 0.013, 0.   ],\n",
       "       [0.003, 0.005, 0.394, 0.531, 0.06 , 0.007, 0.   ],\n",
       "       [0.004, 0.006, 0.011, 0.235, 0.611, 0.13 , 0.003],\n",
       "       [0.005, 0.057, 0.547, 0.326, 0.053, 0.012, 0.001],\n",
       "       [0.003, 0.005, 0.057, 0.423, 0.463, 0.05 , 0.001],\n",
       "       [0.003, 0.006, 0.378, 0.535, 0.065, 0.012, 0.   ],\n",
       "       [0.005, 0.078, 0.779, 0.127, 0.008, 0.003, 0.   ],\n",
       "       [0.004, 0.007, 0.035, 0.326, 0.534, 0.092, 0.001],\n",
       "       [0.003, 0.006, 0.223, 0.608, 0.141, 0.019, 0.   ],\n",
       "       [0.006, 0.045, 0.192, 0.466, 0.255, 0.034, 0.002],\n",
       "       [0.006, 0.093, 0.328, 0.454, 0.095, 0.024, 0.001],\n",
       "       [0.003, 0.003, 0.311, 0.579, 0.09 , 0.014, 0.   ],\n",
       "       [0.004, 0.002, 0.099, 0.601, 0.255, 0.039, 0.001],\n",
       "       [0.003, 0.018, 0.361, 0.522, 0.082, 0.014, 0.   ],\n",
       "       [0.004, 0.033, 0.663, 0.267, 0.028, 0.006, 0.   ],\n",
       "       [0.022, 0.385, 0.551, 0.027, 0.006, 0.005, 0.004],\n",
       "       [0.008, 0.007, 0.029, 0.299, 0.57 , 0.085, 0.002],\n",
       "       [0.005, 0.03 , 0.542, 0.378, 0.04 , 0.004, 0.001],\n",
       "       [0.006, 0.008, 0.161, 0.481, 0.308, 0.034, 0.002],\n",
       "       [0.006, 0.092, 0.708, 0.172, 0.016, 0.005, 0.001],\n",
       "       [0.004, 0.006, 0.298, 0.575, 0.105, 0.013, 0.   ],\n",
       "       [0.004, 0.007, 0.476, 0.45 , 0.055, 0.008, 0.   ],\n",
       "       [0.004, 0.003, 0.28 , 0.558, 0.131, 0.023, 0.   ],\n",
       "       [0.004, 0.057, 0.561, 0.326, 0.042, 0.009, 0.   ],\n",
       "       [0.004, 0.005, 0.096, 0.518, 0.332, 0.044, 0.001],\n",
       "       [0.003, 0.011, 0.535, 0.406, 0.037, 0.007, 0.   ],\n",
       "       [0.004, 0.005, 0.09 , 0.498, 0.366, 0.037, 0.001],\n",
       "       [0.004, 0.04 , 0.6  , 0.319, 0.03 , 0.006, 0.   ],\n",
       "       [0.005, 0.019, 0.124, 0.41 , 0.381, 0.06 , 0.001],\n",
       "       [0.004, 0.008, 0.639, 0.317, 0.025, 0.007, 0.   ],\n",
       "       [0.003, 0.039, 0.658, 0.272, 0.021, 0.006, 0.   ],\n",
       "       [0.005, 0.151, 0.318, 0.391, 0.104, 0.029, 0.001],\n",
       "       [0.004, 0.047, 0.584, 0.325, 0.032, 0.008, 0.   ],\n",
       "       [0.004, 0.008, 0.445, 0.468, 0.065, 0.009, 0.   ],\n",
       "       [0.004, 0.038, 0.598, 0.31 , 0.042, 0.009, 0.   ],\n",
       "       [0.006, 0.006, 0.184, 0.525, 0.253, 0.024, 0.001],\n",
       "       [0.006, 0.016, 0.247, 0.504, 0.187, 0.038, 0.001],\n",
       "       [0.004, 0.018, 0.186, 0.521, 0.235, 0.035, 0.001],\n",
       "       [0.004, 0.012, 0.19 , 0.547, 0.222, 0.023, 0.001],\n",
       "       [0.004, 0.019, 0.413, 0.479, 0.075, 0.01 , 0.   ],\n",
       "       [0.005, 0.022, 0.276, 0.514, 0.155, 0.027, 0.001],\n",
       "       [0.005, 0.017, 0.048, 0.291, 0.556, 0.082, 0.001],\n",
       "       [0.004, 0.005, 0.319, 0.537, 0.115, 0.02 , 0.   ],\n",
       "       [0.005, 0.098, 0.375, 0.411, 0.088, 0.022, 0.001],\n",
       "       [0.004, 0.005, 0.029, 0.309, 0.549, 0.103, 0.001],\n",
       "       [0.005, 0.3  , 0.633, 0.056, 0.004, 0.002, 0.   ],\n",
       "       [0.004, 0.016, 0.547, 0.376, 0.049, 0.007, 0.   ],\n",
       "       [0.004, 0.008, 0.647, 0.305, 0.03 , 0.005, 0.   ],\n",
       "       [0.004, 0.016, 0.247, 0.572, 0.142, 0.018, 0.001],\n",
       "       [0.004, 0.024, 0.276, 0.514, 0.16 , 0.022, 0.001],\n",
       "       [0.004, 0.005, 0.489, 0.453, 0.043, 0.006, 0.   ],\n",
       "       [0.003, 0.01 , 0.365, 0.524, 0.081, 0.017, 0.   ],\n",
       "       [0.003, 0.016, 0.475, 0.439, 0.059, 0.007, 0.   ],\n",
       "       [0.004, 0.033, 0.431, 0.452, 0.07 , 0.01 , 0.   ],\n",
       "       [0.004, 0.016, 0.342, 0.501, 0.117, 0.02 , 0.   ],\n",
       "       [0.003, 0.006, 0.2  , 0.608, 0.156, 0.026, 0.   ],\n",
       "       [0.005, 0.127, 0.634, 0.213, 0.016, 0.004, 0.   ],\n",
       "       [0.004, 0.016, 0.588, 0.348, 0.038, 0.006, 0.   ],\n",
       "       [0.005, 0.012, 0.189, 0.495, 0.26 , 0.039, 0.001],\n",
       "       [0.004, 0.013, 0.036, 0.309, 0.523, 0.113, 0.001],\n",
       "       [0.004, 0.017, 0.663, 0.287, 0.025, 0.004, 0.   ],\n",
       "       [0.009, 0.362, 0.518, 0.088, 0.011, 0.011, 0.001],\n",
       "       [0.006, 0.012, 0.038, 0.256, 0.592, 0.095, 0.002],\n",
       "       [0.004, 0.041, 0.333, 0.498, 0.11 , 0.012, 0.001],\n",
       "       [0.004, 0.011, 0.513, 0.42 , 0.039, 0.012, 0.   ],\n",
       "       [0.004, 0.062, 0.385, 0.45 , 0.083, 0.015, 0.001],\n",
       "       [0.003, 0.063, 0.597, 0.295, 0.033, 0.009, 0.   ],\n",
       "       [0.007, 0.058, 0.107, 0.37 , 0.39 , 0.066, 0.002],\n",
       "       [0.005, 0.004, 0.016, 0.291, 0.574, 0.109, 0.002],\n",
       "       [0.004, 0.016, 0.415, 0.452, 0.094, 0.018, 0.   ],\n",
       "       [0.004, 0.049, 0.616, 0.279, 0.042, 0.011, 0.   ],\n",
       "       [0.007, 0.006, 0.052, 0.406, 0.443, 0.084, 0.002],\n",
       "       [0.004, 0.039, 0.425, 0.452, 0.07 , 0.011, 0.   ],\n",
       "       [0.004, 0.007, 0.365, 0.533, 0.079, 0.011, 0.   ],\n",
       "       [0.006, 0.022, 0.253, 0.526, 0.173, 0.02 , 0.001],\n",
       "       [0.007, 0.108, 0.364, 0.402, 0.098, 0.02 , 0.002],\n",
       "       [0.003, 0.008, 0.392, 0.529, 0.058, 0.008, 0.   ],\n",
       "       [0.004, 0.021, 0.214, 0.527, 0.209, 0.024, 0.001],\n",
       "       [0.005, 0.019, 0.271, 0.517, 0.161, 0.026, 0.001],\n",
       "       [0.004, 0.011, 0.039, 0.306, 0.566, 0.072, 0.001],\n",
       "       [0.004, 0.021, 0.294, 0.524, 0.134, 0.023, 0.001],\n",
       "       [0.004, 0.043, 0.525, 0.382, 0.039, 0.005, 0.001],\n",
       "       [0.004, 0.008, 0.384, 0.504, 0.087, 0.011, 0.   ],\n",
       "       [0.003, 0.009, 0.367, 0.54 , 0.069, 0.012, 0.   ],\n",
       "       [0.004, 0.011, 0.203, 0.522, 0.206, 0.053, 0.001],\n",
       "       [0.004, 0.029, 0.208, 0.573, 0.164, 0.021, 0.001],\n",
       "       [0.004, 0.003, 0.104, 0.595, 0.256, 0.038, 0.001],\n",
       "       [0.004, 0.079, 0.524, 0.335, 0.044, 0.013, 0.001],\n",
       "       [0.005, 0.006, 0.058, 0.565, 0.313, 0.052, 0.002],\n",
       "       [0.004, 0.073, 0.269, 0.456, 0.164, 0.032, 0.001],\n",
       "       [0.006, 0.003, 0.052, 0.766, 0.147, 0.023, 0.002],\n",
       "       [0.004, 0.048, 0.331, 0.484, 0.119, 0.014, 0.001],\n",
       "       [0.003, 0.017, 0.1  , 0.474, 0.35 , 0.055, 0.001],\n",
       "       [0.003, 0.002, 0.126, 0.593, 0.234, 0.04 , 0.001],\n",
       "       [0.004, 0.014, 0.286, 0.575, 0.109, 0.012, 0.   ],\n",
       "       [0.004, 0.026, 0.121, 0.444, 0.339, 0.065, 0.001],\n",
       "       [0.004, 0.015, 0.554, 0.387, 0.036, 0.004, 0.   ],\n",
       "       [0.004, 0.006, 0.299, 0.58 , 0.102, 0.011, 0.   ],\n",
